COPY pytania_na_turniejach FROM STDIN DELIMITER ';' NULL 'null';
0;1615;1
0;640;2
0;1688;3
0;2456;4
0;1319;5
0;765;6
0;1106;7
0;122;8
0;2252;9
0;528;10
0;1847;11
0;734;12
0;1154;13
0;127;14
0;530;15
0;1601;16
0;913;17
0;1621;18
0;980;19
0;2453;20
0;3166;21
0;2193;22
0;1448;23
0;598;24
1;2463;1
1;5;2
1;976;3
1;1723;4
1;2992;5
1;1561;6
1;1469;7
1;3087;8
1;2730;9
1;2780;10
1;135;11
1;950;12
1;1891;13
1;278;14
1;407;15
1;3134;16
1;2741;17
1;1226;18
1;2125;19
1;1789;20
1;1168;21
1;2514;22
1;3060;23
1;3001;24
2;1922;1
2;1686;2
2;2337;3
2;202;4
2;2968;5
2;274;6
2;563;7
2;1136;8
2;32;9
2;1042;10
2;2468;11
2;1777;12
2;1907;13
2;736;14
2;2306;15
2;996;16
2;560;17
2;2365;18
2;3041;19
2;2408;20
2;600;21
2;2614;22
2;2927;23
2;514;24
3;3193;1
3;2286;2
3;3071;3
3;246;4
3;470;5
3;3223;6
3;1928;7
3;735;8
3;1517;9
3;1231;10
3;2407;11
3;2191;12
3;223;13
3;2819;14
3;181;15
3;1707;16
3;382;17
3;2275;18
3;1975;19
3;1340;20
3;66;21
3;2874;22
3;1902;23
3;2568;24
4;3067;1
4;2457;2
4;1461;3
4;1697;4
4;3030;5
4;2012;6
4;2944;7
4;2943;8
4;320;9
4;855;10
4;2836;11
4;1190;12
4;1121;13
4;719;14
4;1163;15
4;2455;16
4;2273;17
4;614;18
4;752;19
4;1544;20
4;833;21
4;1806;22
4;2901;23
4;265;24
5;952;1
5;342;2
5;3182;3
5;2050;4
5;225;5
5;1680;6
5;2042;7
5;2970;8
5;2534;9
5;2116;10
5;994;11
5;2154;12
5;1936;13
5;417;14
5;1207;15
5;446;16
5;2613;17
5;1430;18
5;167;19
5;155;20
5;873;21
5;529;22
5;2150;23
5;2081;24
6;1472;1
6;1715;2
6;1868;3
6;288;4
6;2888;5
6;322;6
6;1481;7
6;685;8
6;1549;9
6;768;10
6;690;11
6;2551;12
6;2765;13
6;1901;14
6;2142;15
6;2632;16
6;2318;17
6;824;18
6;675;19
6;653;20
6;1531;21
6;2774;22
6;336;23
6;2194;24
7;44;1
7;1950;2
7;757;3
7;2111;4
7;2149;5
7;2541;6
7;1554;7
7;286;8
7;2444;9
7;3118;10
7;2321;11
7;2037;12
7;944;13
7;1845;14
7;937;15
7;548;16
7;2608;17
7;1744;18
7;2592;19
7;1503;20
7;1953;21
7;2329;22
7;800;23
7;485;24
8;814;1
8;531;2
8;2113;3
8;103;4
8;2766;5
8;93;6
8;877;7
8;718;8
8;2445;9
8;2528;10
8;2471;11
8;1126;12
8;635;13
8;2649;14
8;434;15
8;2333;16
8;189;17
8;351;18
8;981;19
8;1967;20
8;2524;21
8;3019;22
8;62;23
8;1341;24
9;133;1
9;2693;2
9;1886;3
9;2079;4
9;1328;5
9;1643;6
9;2241;7
9;632;8
9;526;9
9;3022;10
9;2811;11
9;2631;12
9;2867;13
9;1840;14
9;184;15
9;914;16
9;2422;17
9;2872;18
9;409;19
9;2170;20
9;1753;21
9;1893;22
9;2304;23
9;1722;24
10;599;1
10;1505;2
10;2600;3
10;1066;4
10;3109;5
10;2583;6
10;53;7
10;1592;8
10;1008;9
10;1405;10
10;593;11
10;1327;12
10;2931;13
10;340;14
10;658;15
10;2679;16
10;2707;17
10;140;18
10;1532;19
10;783;20
10;931;21
10;247;22
10;1593;23
10;938;24
11;3162;1
11;837;2
11;48;3
11;2812;4
11;102;5
11;1415;6
11;986;7
11;153;8
11;1478;9
11;3139;10
11;988;11
11;464;12
11;3076;13
11;1850;14
11;1725;15
11;763;16
11;415;17
11;33;18
11;997;19
11;2628;20
11;2446;21
11;3141;22
11;3155;23
11;1910;24
12;3218;1
12;1266;2
12;910;3
12;2119;4
12;2295;5
12;2427;6
12;3192;7
12;2387;8
12;1285;9
12;1700;10
12;616;11
12;553;12
12;3160;13
12;1132;14
12;488;15
12;2512;16
12;157;17
12;272;18
12;1214;19
12;2347;20
12;2205;21
12;173;22
12;3178;23
12;1913;24
13;1947;1
13;1032;2
13;113;3
13;1792;4
13;2789;5
13;1514;6
13;391;7
13;983;8
13;2634;9
13;353;10
13;365;11
13;2129;12
13;2620;13
13;1985;14
13;787;15
13;2520;16
13;1038;17
13;1857;18
13;2204;19
13;3009;20
13;179;21
13;2255;22
13;684;23
13;1023;24
14;1306;1
14;2004;2
14;3062;3
14;2458;4
14;395;5
14;1650;6
14;2817;7
14;231;8
14;77;9
14;1623;10
14;123;11
14;786;12
14;1004;13
14;2268;14
14;2760;15
14;1396;16
14;2372;17
14;8;18
14;1691;19
14;818;20
14;2721;21
14;3161;22
14;344;23
14;536;24
15;1244;1
15;2492;2
15;2098;3
15;3226;4
15;2768;5
15;870;6
15;1693;7
15;1445;8
15;243;9
15;245;10
15;374;11
15;565;12
15;1565;13
15;1058;14
15;2657;15
15;706;16
15;3069;17
15;1666;18
15;1452;19
15;1767;20
15;3181;21
15;1632;22
15;579;23
15;1706;24
16;1800;1
16;169;2
16;959;3
16;297;4
16;1104;5
16;1173;6
16;2382;7
16;941;8
16;1123;9
16;2174;10
16;2290;11
16;3221;12
16;3103;13
16;1318;14
16;2223;15
16;254;16
16;2258;17
16;880;18
16;4;19
16;1372;20
16;3020;21
16;3224;22
16;809;23
16;845;24
17;3068;1
17;271;2
17;2287;3
17;642;4
17;1476;5
17;712;6
17;912;7
17;693;8
17;3088;9
17;1409;10
17;3143;11
17;2646;12
17;1076;13
17;2488;14
17;989;15
17;1441;16
17;2402;17
17;144;18
17;2232;19
17;2804;20
17;1773;21
17;893;22
17;128;23
17;1442;24
